1.0149793706661019 1.53875176807898 -0.018781593713705864 7.61101011682714 -1.192726729179681 1.0334150353385654 0.9221866054658812 -0.0038128319128615928 0.20134205911256037 0.01138787197248009 2 400 578
0.02506633543051398 1.4368495383866646 0.04560641179268546 5.588513859026566 0.1081775269708426 -2.0528856401527156 1.345792849021711 -0.004998666212599187 0.8784607700202571 0.0055284352170040015 2 400 595
2.940648656529488 0.45990293065545695 0.005493884820679409 7.7748163583104315 0.39312775939482014 -0.000194802406656163 1.6765114132555086 -0.031219203214596855 0.6462556040232901 0.007457183007448909 2 400 596
2.8290132509062866 1.417239158841464 -0.018670428992176306 8.464608510136117 0.7343836426083974 -0.9177573915043816 0.7827665992215416 -0.0034656403854818356 0.2011052772376966 0.011275902759020129 2 400 556
-0.22519170954860646 3.0778680432771184 0.017013717155786423 7.9519681209308 -0.41509627843213615 -0.09325535589208145 0.6373041629553156 0.0 0.504447582092749 0.01237652042413917 2 400 609
0.4106390467612552 1.4936352640869663 0.016140948635752085 8.06476702331912 1.7542877088181257 0.5102959036709487 0.7830260029080761 -0.0035231968715566594 0.20117836216329785 0.010857726093687736 2 400 595
1.039728442972589 2.891574382620922 0.011307530376396285 8.689951571926759 1.2006505365982645 -0.3994735764381603 0.7562125690604566 -0.00563586717807367 0.6997626467636548 0.02563016589681133 2 400 579
2.111835553677312 1.313191594931113 -0.0007642435212503666 8.731410260125898 0.6476183086458667 -2.217593551861472 0.7671286957373558 -0.003629342740909345 0.23759521118598992 0.012664414446277639 2 400 582
1.6160798931951552 1.4251240356362058 0.018156710222801714 8.714047841534576 3.748872717653247 0.9130236416840681 0.43519095046603035 -0.0027188855129165897 0.2 0.010675383241050662 2 400 586
6.203083030766719 2.5363724789265465 -0.011004110749569793 4.204787337735073 -5.257157815930582 -1.4693716077453542 1.8393372875201548 -0.040723793697401166 0.33151758465330694 0.016558726577466598 2 400 595
-0.40248637323569625 1.2885980762028808 0.006121019644269279 5.858206417624913 5.257157815930582 -0.42173582381956554 0.8008995181750922 -0.0032130561326477857 0.20696673283440603 0.013674380626068072 2 400 577
3.1740212661176646 -0.0061505627934801965 -0.08854637233367674 10.494618725010703 1.944226645206352 3.464736201222336 1.9994045530403106 -0.047172688917530015 0.2 0.011878642155629948 2 400 581
1.1902837484655668 1.5875370027975801 -0.006785336667116825 5.704928221312315 1.9642813306604046 4.01937261007763 0.7629001374380744 -0.004269951522966841 0.22518530349356558 0.010572521775062405 2 400 568
1.370252476119445 1.4546791158418575 -0.31973609637959943 4.638209281057646 5.228031915154601 1.709667757936156 0.7562180603244768 -0.0018829535988373444 0.6241849518215339 0.023648342717794812 2 400 558
1.1426495154603187 1.3512265514440074 0.006430793067891799 7.659479707377726 0.6459743495037265 2.4866085753486455 0.731977766719025 -0.004164993751664842 0.20409482136093043 0.011482943398690826 2 400 593
1.0477261707274694 1.0746930632591338 0.027875229275297314 5.58151513943508 1.7793224537957375 -3.329425035648148 0.7776168645936612 -0.004924826397240813 0.5048358379281725 0.013441563872494844 2 400 604
-0.031093307987684615 1.8120257912506155 -0.10803019950392295 6.862562883992833 2.474356493183043 -0.06353721815464686 0.8678398409340393 -5.1886241371418415e-05 0.6484559823353298 0.009060864148636716 2 400 559
1.6591409583891474 2.939391049660191 0.004390365252692454 9.354171855899601 0.6283027134639043 1.372367360153178 0.726006834604358 -0.005048145519973544 0.2625800270312334 0.023189463074844152 2 400 588
0.9339207010898383 1.232719100202126 0.0168182160173857 6.899284885585274 -0.5973644276095631 -0.8039738105178396 0.17325438770572987 -0.005241020777127237 0.3800061233635432 0.007289859047150626 2 400 569
0.5873198610939048 1.5597937777009974 0.008748933480844438 6.571847890378264 2.1436692170642964 2.667901059376275 0.7871523348503113 -0.0038177208492736524 0.27305283890746934 0.010322452239144742 2 400 585
1.66516976442537 1.5246614154049372 0.016166568248150666 7.207773746972439 1.5273744393621613 1.62921300113844 0.7801423061108157 -0.003801666970286155 0.2003961547673874 0.010343566360215939 2 400 575
0.6299498629946791 2.994097561220568 0.020291039283509362 9.036380074356856 -0.5978819129782927 0.06078050192290729 0.7366568303897447 -0.00547987537706613 0.5681603256758871 0.02740947263298632 2 400 571
1.3165353270810725 1.2847458943995158 0.01842436302685993 8.043928205691035 -0.5639871867001016 -0.4278425501479777 0.7789571313159129 -0.004445437147062935 0.20246625132054863 0.01174757520554226 2 400 584
1.35652471733004 1.6098897444923415 -0.2746972245726591 4.623535812876209 0.3449434800805226 5.227775513610698 0.7455708101346884 -0.003136761126977608 0.20539872272509302 0.019919337532222636 2 400 583
0.258510636138209 1.444498255780303 0.003281080974347596 9.099249316137097 -1.7370701300666624 -4.192836866161608 0.7753052233419155 -0.0030548763391555897 0.20016136244781557 0.011041860085236 2 400 563
-0.44202974978294884 1.4170943075919586 -0.043697289695044744 8.271035009029823 -4.650295363241625 -3.4977487766680238 0.8903126952652127 -0.005569025238508964 0.2 0.014712375731520622 2 400 580
1.5914455484398098 1.2673978477642973 -0.003872890933716861 8.263279476768226 -1.1626089269283693 -3.361451588179305 0.7537261185147903 -0.003646515692572282 0.2 0.013415583974615286 2 400 590
2.1236330048475285 1.5253315511749461 0.026738133786917723 7.801616177737408 -0.11367384791731816 0.523731700027338 0.8218921131653272 -0.004168650279467598 0.20017766814825355 0.009688877416863972 2 400 610
0.7736721308321628 1.3558700831667263 0.03209347151342368 6.678471945047502 5.256769356273608 -2.040611619456305 0.7293525686008393 -0.0020788714716815327 0.34331572256488907 0.01414720265228886 2 400 591
7.414246122320465 1.5670341866803197 -0.3495274367362621 2.5301185214746686 -1.4661484187574008 5.257157815930581 0.8864275202855332 -0.005475500358545951 0.21708211648201703 0.026302173008711183 2 400 582
