2.2094826633334215 1.2371725148639907 -0.06553696973424461 0.8000659272113695 5.449999999999999 5.23022352997644 0.01431852341098161 2 400 655
0.14440293523955028 2.8280328624562907 0.0007154022612646326 0.7957047391872735 5.4499995728977595 5.1705079666625515 0.01872242584487438 2 400 634
0.7914811321900674 1.470944299299818 0.016509128647879068 0.8523962784105841 5.339643718402247 5.136878367225158 0.009422875490491256 2 400 616
2.974676384602782 0.044095556920795725 -0.0303030897817151 0.004444053575546631 5.4498340388562205 5.223192103804912 0.0061694246465793245 2 400 641
4.701442213952296 2.5012007273354047 -0.08769179074656766 0.9863804465233328 4.652184737729895 4.296890952365876 0.011552348654995659 2 400 632
-0.7501391941465747 0.59488878679567 -0.005589761835528884 1.905114114568205 5.449334222415239 4.083264349162608 0.007323298189015726 2 400 605
0.24374264028746928 -0.3982472515547153 -0.014123875321287109 0.5010377659088292 4.002272951729873 5.441250388012108 0.008502482688991009 2 400 636
2.126489707950059 1.9115138528833657 0.015382701318480074 0.6397274133835857 5.02126859277624 5.449994188863251 0.01058510376176336 2 400 623
4.178444033082883 1.024645713678873 0.020775263074901407 0.5269199632692745 4.2882374268643275 5.296915790444366 0.008522695297785376 2 400 624
-2.2605019483651523 2.7819093701358426 0.009139096779753664 0.4777961537284565 -2.0 3.523360621430893 0.00815240869624878 2 400 633
2.3105419928575186 0.8511661225044063 0.018200726262856605 0.5038784450224385 3.8917880994004737 5.449949863386907 0.008293877503021574 2 400 628
-1.0409784112177844 0.5796126700651189 0.019091882328995537 1.8394981719024661 4.677894783343256 3.3892205102322475 0.00737649516406641 2 400 623
1.4823999598016275 -0.23532677129240664 0.0075948023398437516 0.7714634821506356 4.4515918821078735 4.325658838277441 0.01585687286583648 2 400 653
0.5863208506492742 1.191550763856096 -0.012164078373250762 0.8092246928349884 5.419763533518591 5.193500819098725 0.011747256810374918 2 400 633
1.3201808681405058 1.010494930423956 0.029090582831944725 0.524404243993259 4.410597037997249 5.449999999999999 0.008496779696654966 2 400 621
-6.283185307179586 1.8326095441449715 0.5276159428559852 0.544987016607986 4.57377828104611 5.351067695088206 0.009505579883776205 2 400 609
1.164190011810704 1.4729138396359058 0.034795411949902794 0.8324590217954342 5.222487303896497 5.0172552219023165 0.008967271575495595 2 400 626
2.5765728492483007 0.08920493251993437 -0.010049649620065014 0.8449333149601914 5.263182667397167 4.990073153204079 0.013764489903963173 2 400 639
-6.267586404221216 -0.21007188639122454 -0.156730815918789 0.47211398328335674 2.76986985502999 4.218536503935873 0.008453503812088758 2 400 637
0.35294671789577925 1.0434736276663243 0.03228835818475484 0.5220542180119827 4.417772805324411 5.449515701653372 0.008507157224747375 2 400 649
2.497364714505279 1.4666312410155928 0.3633713633518544 0.5401326688755976 3.3813043768727984 4.272146360618686 0.008986461888144004 2 400 633
1.623970809420137 1.1672786054035922 -0.009976593800007219 0.8115473757394038 5.449922800275999 5.2233277014515025 0.011722430485675228 2 400 627
4.282751311959391 2.704121800898667 0.01538729240390714 0.4986251163289619 3.7478803501848645 5.187138780947475 0.008503350602442783 2 400 614
4.360112033482768 1.5622072893114805 0.04208728730621539 0.5242989988167692 4.3024978953151525 5.368427369034542 0.008793403813436629 2 400 646
0.881768834528285 -0.4291042209928423 0.048246551044829 0.500383351743176 3.953930696954691 5.402962727162858 0.008506297569566112 2 400 624
