2.525182379088312 0.050367062681522315 2.8649021477901275 0.5443884095116762 -7.33126933097282 6.28923822304596 1.9986087973022073 -0.04708081462927759 0.2058931198201257 0.03315698416836166 2 400 567
1.0327804613158031 -0.29326166372804396 2.8230079246898203 -0.8734600504857626 -7.9682900751539325 -3.997946988546847 2.0 -0.04275185467933339 0.48364047808784205 0.011846297178631282 2 400 588
7.502809670323412 2.639450170805948 5.946774289759146 1.5010250966763383 -1.7492100133827895 9.417687833529374 1.4797224323022475 -0.03692863004903356 0.3200780964680279 0.024027812997136966 2 400 587
5.541561389832037 0.3041579587648703 3.498189108286586 9.395412453496053 2.746294632013539 -0.9853886508042002 0.7697934072301158 -0.006080221003344802 0.24851691612019816 0.037685093187109664 2 400 575
4.106085389327232 3.447036370303805 3.502840104735485 4.237631309590982 6.885669298077742 1.507992042317364 0.9039711954703366 -0.006311018160160477 0.4023826135395795 0.0331748236149072 2 400 579
1.4314951925294988 0.11409066963972851 3.514424182440111 0.10660047784918121 3.339721138193588 7.534768697077389 1.9978628757495387 -0.04613726255191601 0.40632196697004097 0.012188798585283545 2 400 582
-1.1746197018807503 2.9921211880166467 -0.33916292995450137 0.8457205459977204 -8.00624970970746 -6.743587375902386 1.9385266918651847 -0.03759913636233059 0.6242190948871504 0.008512384847574883 2 400 601
-0.5075835209070962 0.15501865559864508 6.5043315694642265 3.00125846374793 -5.940264921574753 -7.785799648908365 1.9829943603657572 -0.04087158680049874 0.45577878067316396 0.004113482053245243 2 400 577
0.9194044412759941 1.6962080736352485 4.1651450808419455 2.164690512917356 -3.956101913233402 -5.44667244083708 0.9997081436309396 0.0 0.6547754784440407 0.0034262910229163612 2 400 598
6.9536188582524545 2.774288282720647 6.374125980009946 10.450835660818399 -0.4649274701563887 0.807759921171743 1.99918768323377 -0.046583357872057224 0.6042031496872442 0.011145112671165247 2 400 580
7.06103680899861 2.6972857515585833 6.198274277380074 0.48642968576475765 -6.349281309733216 -1.2498841434432366 1.9925804806054064 -0.0431434875124832 0.24472715633698827 0.009974681193725547 2 400 581
4.784477485766288 0.22463527023597651 4.000852455927248 9.571569907127405 -3.7321435040444886 -1.903947207854162 0.6945860364912744 -0.00486817867066788 0.2 0.033543076918421955 2 400 592
0.034538967391674585 0.7311661824848299 2.729939196908891 2.2339863749179627 0.964792030488796 -5.334032983932531 1.988478652518693 -0.009518745861878508 0.5995931345645336 0.002752081784296275 2 400 589
0.8946208379035416 3.15152353231277 3.1141966693454517 2.7091568099178316 2.8903595295487365 -3.5516134530259604 1.7246114309520766 -0.03140905059305932 0.3710286606704718 0.0316566027896103 2 400 567
6.596601059902127 0.10333206964378924 5.3026386921696425 -4.487144709035624 6.999640413388059 -1.0550820833768708 1.9690485193727638 -0.045787677918032677 0.3310105616438266 0.042920660948003064 2 400 580
1.8188094814473135 1.7431720703508344 2.5363967690481246 4.221749558030717 8.081242005641823 -4.532273095615979 0.6845775990874952 -6.1461051907359e-05 0.2056358230204977 0.009713449092489723 2 400 579
2.0547898219681198 0.021297014717223964 3.3091416721948406 -2.5510726600974287 -5.506763458208048 7.7004028448065736 1.9482808286338444 -0.04676011556426817 0.20005368780277888 0.0330820590590849 2 400 567
7.597981997682766 0.3545797323064551 -0.6134404842686219 2.228053600713392 -10.514315631861164 -2.8264625883232366 0.7946352132895345 -0.0022669606476632166 0.20266395593666336 0.03141972001796034 2 400 584
5.264477483779778 0.2883134833548696 3.8351229300077723 2.569934478477439 4.875959701047597 5.239671947953289 0.09070275655177107 -0.005050040273888727 0.2516178503673169 0.02068201549565174 2 400 599
3.4335328075112637 2.872344303887166 0.47014634053306115 9.566368054976419 0.4545103263676613 -0.6451185985930257 0.7659907825381909 -0.005624385761887205 0.32178191988293625 0.03662969960126805 2 400 580
2.4160142356791408 0.6867718178471542 5.9255556430632375 1.4969373162326578 4.859841706392961 -1.5085151481152126 0.8709303250920901 -0.00723232947444595 0.304395430552986 0.02293785850360297 2 400 615
6.110220400560149 0.3512661181218335 3.5659622323506532 8.15567616035953 4.807735246643288e-05 3.478345953142263 0.798718713812391 0.0 0.9786553526854076 0.01193501934314023 2 400 584
4.222723014740744 1.5070098616545584 -0.008295367898173426 4.341132471932916 -10.218658467534851 -3.261581128426011 0.13122269252392893 -0.009061102050286554 0.27546108721628104 0.007598627498604182 2 400 587
0.23267777237963294 2.0128819125949953 2.9037876489958734 0.8307662459155414 8.059521968216139 -0.9058267885932088 0.6952484868186835 -0.0017356526324480773 0.20115941052442932 0.024124662539071307 2 400 574
1.177639823201737 2.823005407856222 4.192523176908608 3.4645149293736406 -6.5342145267502865 1.2714691794670956 1.7120467214366988 -0.038137523309105054 0.20089024438493863 0.010518783745285809 2 400 579
3.974932532213696 3.380574568909297 3.864027442174062 8.61670160073679 2.5370551796942533 1.2784092624207144 0.7482391592587487 -0.005218057592951126 0.20244810075458353 0.03726240885662846 2 400 582
7.026754831270329 0.38617309349236617 5.428405049999993 1.1615403337700863 -10.479502579140565 -1.8002108994193433 0.8242355550850446 -0.0007227691901559355 0.22420113638336342 0.03002257023372379 2 400 591
2.347747808472911 1.3830852500137185 2.7389196051285216 0.18821973659356556 -7.815925419836429 3.7999436851333517 0.8749012594157577 -0.00431684636390596 0.22615850302543433 0.017690638042647144 2 400 575
1.0599012806233166 1.7604598395300481 6.004120627236258 8.136966367886188 1.0903433063945513 2.7436009659016847 0.31729829086990424 -0.000391773891868051 0.21425697989065906 0.011449891332015127 2 400 577
0.8304756704350229 2.457116704678925 5.8715547929601435 1.8596150764973443 -1.519170186176201 3.583352669984838 0.9649293340780236 -0.012823289664923018 0.2149109781219833 0.016712605322627194 2 400 587
-0.38157772928303557 3.248224785365421 3.72225842806362 0.6014184879797022 4.891940232240607 -1.696864575827692 1.2491052108844425 -0.02192060183765414 0.2003880983152011 0.023466585823702646 2 400 569
2.319201520938192 3.232105413866672 0.16203826004652702 0.0357724627358991 -0.0008320829630477692 -5.5984825859381715 0.7984249683147102 -1.8704583356413703e-06 0.217231476519459 0.006379183848526926 2 400 597
0.1904301069139283 3.435119425412841 3.7758675660849104 1.1620905782172093 6.379693856491253 5.360092426564268 0.7342042248066556 -0.005282750615082224 0.3734844982081176 0.03513107127037807 2 400 599
5.038264705143437 0.4195143227774609 3.4259489471150335 6.422735424758194 0.9615742253006383 7.610471964174426 0.6769334395418698 -0.0003499267468608008 0.32772767470009767 0.01431069189421319 2 400 592
1.6196305852770632 2.986308308267514 0.932035676768256 3.76334468754289 0.9867844553395055 6.57878753965009 2.0 -0.04645856466085105 0.21319559416326028 0.01217244508786175 2 400 568
0.8402184262508618 0.3346301524508389 5.008925364476935 0.019196889425778768 -9.975367532279776 1.786039490527373 0.6975997647873204 0.0 0.2000233686077476 0.03105881994730253 2 400 579
-0.05616212474616929 2.8491468251148224 0.8012714590201012 7.060742194572869 1.83864909971671 -0.9486759330607588 0.9555501356598498 -0.005738652024147161 0.9951783771260778 0.021258062395919486 2 400 598
3.544198107762405 2.4515432589695125 6.30264267223394 3.8948845438478594 -3.987427053700113 -4.8622590455989485 1.4917222643676409 -0.017853053574144545 0.20005230076670533 0.012042196031771646 2 400 580
3.4467427581451613 0.16974838878899168 5.4557580396457155 1.5127980426788632 -1.9435981594002847 -6.7810797505783675 0.8171483871249476 -0.001116346358146168 0.20024130950479635 0.007956870087893253 2 400 582
5.607489015283633 0.07585209628287415 5.084630839509156 0.6631315157163802 4.1302727559678445 -2.3716219321490044 1.9929865376697888 -0.04595082244878518 0.23393974047510868 0.043397351150432084 2 400 588
4.762982938576979 3.45761544982736 4.476404316203704 1.431523275914663 -3.4264294742950723 6.593727254452183 0.728158442719943 -0.00324512688190985 0.20149769573629117 0.03448631925294754 2 400 584
-2.7198521080011933 2.7668094599399424 0.25420043660634184 1.9444830340933326 -0.7326349056474978 9.49201661897397 0.6944326165336947 -0.001074585426097961 0.2038615195997174 0.017290649639289835 2 400 585
2.8157483180896197 -0.2522231616319861 1.06848372190575 8.49985924283898 0.6122596177349142 -0.025302413658749717 0.5866285307718262 -0.005041782735009031 0.608809912053561 0.026868014395901696 2 400 587
4.5838205267055905 3.249055608764527 0.723176963051797 -3.2269163882686858 1.6490010731227684 7.105223594453896 1.8672842941613395 -0.042686051009971 0.20044807315940627 0.011759925594275744 2 400 580
2.9566891080702016 0.21242143088102083 3.314895601112116 7.953753988362827 -7.912151120300621 -1.021975119575214 0.5706880157642722 -4.852787834489524e-06 0.20020602826275374 0.014309513172937605 2 400 554
0.37515854980394975 1.2367550891745038 6.087149534419453 1.470911950798837 9.14398278638675 -2.1880898426584077 0.6603570225939148 -4.4078969145639454e-06 0.20245139377061439 0.024324812379472815 2 400 614
6.5752377659102095 0.3340702932384497 5.2664574864599025 0.00374141161621358 -7.6838246320750905 1.5573592075860718 1.9492802047321511 -0.04289025259665333 0.20201932295001046 0.009835261552293972 2 400 563
2.3843633131095254 1.834087128131312 2.853161365265457 0.5929955701847743 9.349072221411554 -0.4823529127115127 0.022952493551205704 0.0 0.21289937980412654 0.012191461752308674 2 400 606
2.1673805054629507 1.0218846772620682 5.862371368489979 0.987215248513297 -5.820325715232999 -0.7319099702835805 1.4915573596400111 -0.03205123370296571 0.20269216999871642 0.014810235277603242 2 400 592
3.419618747079795 -0.1372425075706618 7.358125501712294 3.5835609152474337 -7.829816985822998 -3.2591611145469273 0.2835113474681703 -0.0008616471477916731 0.6611357976746928 0.01287240876152973 2 400 584
4.766759956739559 1.2836549060506846 1.1034403479959982 0.5116092005027748 0.2424295042559046 7.006823376968882 0.6583070660321733 0.0 0.2 0.0076917722933220745 2 400 597
0.9343742154661804 2.835655326684185 1.1629610254613123 0.009582492662781522 -4.284884569188808 2.7110414835113508 2.0 -0.04731176508196991 0.2 0.009482024133096845 2 400 595
2.5533562883529886 0.13656064356366032 3.9234788768711493 10.514315631861164 -4.4567392635975125 2.0804254712012726 0.6814460160919331 -0.0010128978620866284 0.21850958391095787 0.01634882737026966 2 400 578
3.337483969877638 2.856104050481695 6.644503941699032 10.063020637083234 1.526886781444645 -1.3645229127476295 0.7649885055521675 -0.005975936254564815 0.20050610559796223 0.03691517554624324 2 400 595
7.585808579018963 2.880605894217979 1.2000614200998343 6.044525658881966 -0.3655362008827341 5.528865543172003 0.7432931885336225 -0.004065688749580793 0.3409579751192755 0.036051835240721086 2 400 587
4.352118322816494 2.9733651492842306 0.2951777571452747 1.9122667443769807 4.979352265250789 4.628933984619604 0.5976819783825902 -0.0033423632455929723 0.2954623621366641 0.024032367514989272 2 400 610
-2.9270309162514394 0.04338330505027402 12.482553158634119 10.434098986197611 0.041762029093587894 3.466159748183575 1.9942796868152746 -0.04684622529909471 0.22267308897782256 0.011812293753093894 2 400 582
2.4753572889851228 0.05497308619133395 3.4998999240881403 5.543889967259577 -0.5847186634186112 4.872517202506444 0.7386722817714002 -0.004184748353626229 0.4485623643673411 0.023919740454750205 2 400 563
5.060249369214787 2.675060722190389 2.2962825815941823 9.357486272637226 -5.921517906811912 -0.03465950085917932 0.6732323869962962 0.0 0.21213926472097633 0.009520820999287416 2 400 568
1.2932629387626848 0.5787881396962506 2.909938907242447 5.904941986895981 -7.1652384727747975 0.10954373840699183 1.0937181313559163 -0.017372305378435766 0.23440700138106596 0.017278977978997134 2 400 576
3.6281821662567033 3.3614708463969194 3.97690668045335 7.527738534144415 0.780505523363225 -0.34137622298395676 0.6041775338020232 0.0 0.8513741702632407 0.0145431394919453 2 400 592
4.090057237261767 2.9208947528070635 3.608904527817158 5.030862326171675 -1.314705052146012 -6.051320855577508 1.9981428910625958 -0.04700723152304423 0.227054778151087 0.02320402185055237 2 400 593
3.113120000943638 0.03801276543941589 3.007449811042571 1.0950585307861949 4.322902423261245 -1.2710681163870958 0.8541688711809916 -0.002500291233800583 0.20204097252738157 0.006868010610828534 2 400 583
1.9882516406816704 3.1316941323072953 6.185493939025564 4.332870477188997 4.202712285814549 -0.6134454107372869 0.8732419194181626 -0.009334416084391412 0.39019965581806315 0.013247292131897903 2 400 588
1.5050294232837906 3.0127397099695887 1.0216085897139138 9.318685449345796 -6.448101260927643 0.06916913074352404 2.0 -0.044941448314083116 0.3194092552675878 0.011801047332663073 2 400 581
4.980520230293154 0.1492688135012481 0.4084972276966492 -0.04820698801591283 -0.3331115193413605 6.39794863740536 1.9995508122682564 -0.046167531949783486 0.3528910451467282 0.011893251436552288 2 400 588
2.9295255124115176 0.9166481640344639 1.1138225264496247 0.8070088828489539 1.9169384681520807 -6.362001248911117 1.5026599102776559 -0.020670681882573733 0.22352503010266894 0.004842783493632541 2 400 600
2.3643607590219116 3.218742225458083 2.2936643472703375 10.432817514947326 -5.16069436626494 0.28924080586906553 1.9975858276276885 -0.04630088691431454 0.20169741438401712 0.012059095673584319 2 400 577
5.330863031610553 2.2804776358257084 2.821629113937694 5.11851111638499 3.614830920383964 -5.393358866687548 0.30231348331169516 -0.0015392973345847733 0.43403022352790327 0.01618076662630641 2 400 585
4.028883316670752 3.3221323803413423 3.8720407265964933 5.291211812218849 2.7954732605941928 -1.8320893405317413 0.7474923388404588 -0.009988892468335966 0.4477797681140687 0.021843987114015705 2 400 605
11.319644921837156 0.24215080431965147 3.937613583491369 9.015224019188448 -0.5610041941437711 1.801391471429552 0.7479629628236923 -0.00468012283057332 0.30083957021968943 0.036874838993793846 2 400 611
1.5433298077402775 2.533706299967478 5.736055006060328 2.106202099464943 -3.1504244876680536 -6.421611311948409 0.9968817436896855 -0.007075997352309149 0.25722957289639303 0.006967948305957095 2 400 585
2.846328779269716 3.0208779074494783 0.7095355499652447 6.499736927700493 -0.9919400276555952 -6.573858339081119 1.1517504176793727 -0.017623225858058318 0.2578304382503812 0.022520805658259202 2 400 599
4.734031208715683 1.6266309534751562 2.7072858681830887 0.670964693196942 3.1988741138103705 6.501237459513062 0.7984741775701886 -0.004525095723010619 0.4140298261111007 0.02767326028465189 2 400 599
-0.0834743860808157 0.10760072339762361 3.349256545234594 5.6454424631394815 -0.09607352835424121 -7.082056554655415 2.0 -0.04559115108188587 0.3821381614782621 0.04269053679060564 2 400 574
0.23727060959394097 2.771373339108047 2.760207678442967 2.769420387752337 4.8088028562093665 0.38366661411502356 0.9874917919548736 -0.011007325029458719 0.20202040816279532 0.00977692425205745 2 400 581
1.9532772934755762 0.8425633071826133 4.154203883531489 5.4389877056769835 0.9839645132824018 -6.817226109539394 1.212997567582529 -0.013239410858266819 0.41473159003495186 0.005260917988707481 2 400 598
1.8452447673099523 2.8323283129986185 1.1295763584453347 0.8724722424455151 3.4402041353076678 7.865456263196522 0.617270964819741 -0.004197611433802768 0.4061351585178813 0.03459190833163206 2 400 586
1.2604695709934988 0.3624753591140967 2.8598073395429298 4.741045145481407 3.3990929376000607 -6.22781843123609 2.0 -0.04567932058987878 0.20020580795657233 0.043462739630820146 2 400 589
1.3516092836030102 2.9973069794290996 1.2104031395132342 9.599379743621405 -6.134977656498329 0.26222676280313184 1.995577079459319 -0.04646730457264092 0.23705045695598215 0.012014586183306752 2 400 581
1.7464044484954333 0.584637208546827 2.331626254289249 0.5641842731308334 1.8647970959667366 -4.575330547017791 1.2736441732517165 -0.011237452142090664 0.3910065667242548 0.005183309569988235 2 400 627
5.023470107096882 2.8230832965957937 1.4515755272579032 1.823026036130508 -3.4983876975579573 4.015033219307611 0.7844424212733174 -0.00310249579969367 0.3787631087794986 0.029280435270248706 2 400 600
0.057061928398615264 2.488744142818371 5.890373973408813 -0.023016049897632618 -0.7234315779951941 8.215075906939752 0.9010308177991289 -0.01011809492427522 0.202488025704743 0.019073422760432113 2 400 568
1.0116691028743525 2.9450751474311154 4.177512536939616 1.2005978269832904 -0.8313836370430394 5.6467640494738465 1.9246533066065101 -0.04394478447137298 0.2 0.011519970325256756 2 400 579
5.758292453274727 2.962160397318753 7.443212002380335 4.198111133519838 3.184235736246073 1.9105801825002657 1.0281254131554158 -0.007276222683794655 0.271589845266448 0.023365875777822565 2 400 579
-0.3712748579333631 0.5377931405889322 8.954012358850978 1.723152153891487 -1.912137530459785 9.380980716347754 1.116762437456519 -0.027569255101812865 0.20178919563386144 0.019762064267366042 2 400 593
0.24855363880432235 0.7415458655348512 6.002878917011319 0.1452235450970687 6.08051641355242 -1.5408962575583383 0.7336424270288155 -0.005643061889677866 0.5662490568715657 0.022540895979481723 2 400 576
-0.14156411434798216 -0.06910709264199932 8.223489200189503 2.1821435959621933 2.7840314944369693 -3.1424821425977623 2.0 -0.04789864569610157 0.2 0.04014765401336351 2 400 582
0.47297556962877874 1.6094293910272617 2.7361326363171514 1.085200243149762 -4.633802505379045 2.8933189012487315 0.8995221038486554 -0.008632861638941343 0.4750563012866609 0.02759006308234535 2 400 612
-0.30396768917112293 1.7350852273468385 9.05513132872268 -3.1760381399726527 8.795640080971154 3.968689811796605 0.703487517412708 -0.0032314429239055573 0.20114454183467978 0.026781792693526874 2 400 572
5.754529662168119 -0.27155426265224203 1.504005477681733 0.6614880949322339 -6.96938452332736 4.602432527786933 0.45152722650405486 0.0 0.2600366767536851 0.02457490988114175 2 400 596
0.15468440450481477 2.7958514244132404 -0.09641614773545537 10.29535657607919 -1.4939571649273313 0.032300018054190235 1.6090087874562715 -0.03559024124059501 0.3855035225243082 0.011101102726604806 2 400 592
-0.018560770060389215 1.9206333169215384 4.27316873821371 3.610309611551692 -2.166361567181102 7.427323272088142 0.6641068275599651 0.0 0.2 0.007619677898029087 2 400 569
4.001019524780368 2.8722861053093816 7.219455553497834 5.655605473421215 0.10464997813930099 4.836196517007977 0.32847424275796744 -0.004336872777613852 0.5429845954064276 0.027905223226656783 2 400 570
2.967398674152184 1.3296082366497801 -0.40698695261443785 5.667388513091602 1.694036292108147 0.15401041254024173 0.8949624796128566 -0.003554162548611635 0.2937129236555027 0.024769851855074854 2 400 598
-2.1101155474580966 1.6548497917865592 5.912571414679856 2.236979782113904 -7.171910472493097 0.5174526792850933 0.9382056495134377 -0.004858612826574904 0.2204793338202355 0.016569591642553838 2 400 578
-2.1624687488888927 1.4943393452440592 5.933704543792999 8.55161858116442 -5.777678560213715 -0.9052096333209692 0.7652193482933378 -0.004437930445470931 0.20003337998556303 0.02631923091686672 2 400 594
1.176323133809345 0.21546412700742357 3.1612057970175593 0.7659038289811344 7.244373898804916 2.8737619317131866 0.751554926782291 -0.006849486257040072 0.7147829303799615 0.01744832467436641 2 400 576
1.5585242471268739 0.23809253202389258 3.7023423668692885 6.680042938541629 3.0232036187263525 -0.8177464086978192 1.1433241125052218 -0.006803125122862012 0.2 0.02399315839200178 2 400 582
1.7973355898486627 3.0264215048090266 1.4041869626228063 7.725988016036856 -3.8895595110138563 3.129951300735731 1.943668919287565 -0.045183267482970295 0.20737249419826442 0.011997352646758053 2 400 571
2.4433307266796214 3.118170152989938 0.9518671733228036 1.7938841378600214 -7.3818731337917995 -5.505390148344482 1.9988868712300536 -0.042891815372501634 0.5299902721437295 0.013188441301527853 2 400 586
3.3084353697479063 2.7743017458098698 0.26425454487450867 3.6643888774862363 -7.0728975705923744 -1.997655015652474 1.2229859881058154 -0.021314717698821338 0.20061871895113684 0.016466031145211724 2 400 583
0.8759716018911714 0.16366137641384026 3.6300717460034875 6.383263976440677 0.03729034698215283 -6.232176038609371 1.143204449930166 -0.01772427586374674 0.5166504249118189 0.022651134495488223 2 400 587
0.8746419339872574 -0.20041197776478784 4.101784677975377 0.5592268882392459 -10.514315631861164 1.944074274818334 1.7122701046559774 -0.03883530429520993 0.3221443921603917 0.025974951018163606 2 400 603
1.211993827798884 0.23169460269911846 3.7557066132291106 8.362698053037576 0.24935859591739107 -1.8344453662078122 0.8155556322989834 -0.00593365981664234 0.3731311314240164 0.02873126078169519 2 400 594
0.6693375332355984 0.15654592761438857 2.082380690037837 8.008873207901946 -1.1419110907198466 3.598603052649695 1.997145789558492 -0.046561537983824425 0.2004938516635073 0.012140641612120029 2 400 584
4.111038554429534 3.0789434129977398 3.3792517630889636 -0.7920177057329032 -4.7734281482123535 4.787417355715895 0.5672264913364462 -0.002971638273030836 0.230175197791341 0.014797206759080361 2 400 593
3.8023429586192536 2.860231842657754 0.6543644090639376 1.4116079124263372 5.626764877156802 -0.8525163815631185 1.1460500921137502 -0.007642971976158968 0.4864170648639694 0.01485624055431034 2 400 589
-0.4719622181241281 0.2795556549161846 3.7326597615714228 7.891834326220579 3.9224927666323453 1.7971068264773145 0.7533658271333432 -0.0053251724818552185 0.5704163340009232 0.035547318011625806 2 400 597
3.6873214501117957 1.6866621066766512 5.851364236187026 -1.0018142128268885 -6.5798098329475465 6.45085630659883 0.8210616528619172 -0.0031906495980402287 0.20012884416657012 0.018676304830967494 2 400 582
4.992903721555718 0.23135227215185186 3.801241069010685 9.156445839310042 1.2650133488206832 1.5262142588424648 0.15470321363978204 -0.004605441283888876 0.2394174252403115 0.023175284374321148 2 400 606
4.023402122158242 -0.2882736816147348 1.409292598705902 4.292151778907032 -5.681668915494865 3.8448807094636672 0.6678138629258037 -0.002785218410400622 0.3229233731354562 0.034410848642099534 2 400 580
1.9108094690407618 0.24351919689549328 3.795249224917348 6.24784117393021 -1.2121641575192221 3.9102609970336824 1.9752407186334255 -0.04572418078092527 0.2020896356473899 0.011923499769805779 2 400 598
1.8989196701262898 2.857588658643996 1.5426180216849488 4.472394554041146 -8.513284893498131 2.4596597497144517 0.7021431547704834 -0.0023635827985589416 0.2029648254677256 0.0361210816700297 2 400 576
-0.00045680259284131 0.7838762192145103 -0.5047214322218083 3.3546041867731073 10.439832075595994 -3.1830204786666147 1.9997960674106663 -0.047611922751799346 0.2 0.013488846515279596 2 400 586
2.863235164076489 0.7958111484784487 2.6532358686546402 0.2767683613521361 -1.4270270512776335 -5.962991100842633 1.5621716787635171 -0.024723969009459605 0.3814614328964452 0.004169587394023975 2 400 606
1.1357400113206069 2.5031520894127803 5.81646214546117 1.0593902367795351 -1.332254169145266 6.790234316288343 0.986248912388211 -0.012841400148119422 0.3220949971430792 0.018518455785711097 2 400 591
3.220029723854562 2.9150542366953287 0.8144313810926893 10.246314884879482 -3.9444410383138386 -3.9867926651693737 0.8145647930117743 -0.005404307740694786 0.24507291334670503 0.031336223835298105 2 400 571
1.5075895234340684 2.867838962859473 0.48095044129869 10.185180093030244 0.07188137755471474 -2.3200969343289946 0.7677931526119044 -0.005990132346923242 0.21109059047248074 0.03438139625328174 2 400 584
1.1176963701714095 0.09727521242280929 1.3324086431114193 3.603892904407431 0.3573692499837311 6.2587722001998 2.0 -0.04654962295709189 0.4136664382972173 0.012107354974437934 2 400 576
4.954679832333737 0.5894075550329192 2.693010583551356 -4.379599012382595 0.016686972862842507 6.8167000077185635 0.8178024046854586 -0.009439080002239492 0.5957793573719607 0.017495785905067285 2 400 576
6.65124453460623 3.3860286045197086 3.366350689444009 6.7687444524399965 2.36856919618204 1.8442614564317443 0.23322174921751213 -0.006323267568244129 0.8374385253424497 0.020038153041380014 2 400 560
0.5185144486695568 1.8521424146885361 2.8447543048216177 5.947080576541202 -3.901105127687341 -2.7025368306828543 0.8352895770350552 -0.006947299391196413 0.2452996143884706 0.026194703154367005 2 400 602
1.4830063071396085 0.15676504037282732 3.8008882090560228 5.915888875498439 1.918506773464538 5.9845695822679055 2.0 -0.04651808102333315 0.2243677375011042 0.012137425421338555 2 400 595
3.5654188712963073 1.5516202101285317 2.7438429788809335 3.309362142198175 -1.8692664914789483 6.556568601832142 0.8162606927566263 -0.001520570541407812 0.20326750778922748 0.017930613114042537 2 400 589
10.474894880245195 2.482600258681491 5.824982307012119 -1.3761590551545184 -0.42565105477243503 8.415318115236463 0.899683656952301 -0.010096072553790221 0.2 0.01934851502845958 2 400 603
2.8636248440296495 2.5115822979794302 2.7674456990157683 4.939398217362498 -0.02530366864857299 -5.628850665824334 0.6896155694392945 -0.00956710220239513 0.3163747725912949 0.02399727899599413 2 400 598
3.965336054201874 3.1563577849928404 3.308974918689902 2.2617948975217628 2.215095317567636 7.214523602414747 1.9341769047128556 -0.04472101901473277 0.3406692620312315 0.012032944838765713 2 400 557
4.517919292086859 3.173437740297972 5.7026818178607765 2.494999557545775 2.765454515267498 -3.501055408603949 1.9999995235161556 -0.04612300216555604 0.23083792166397565 0.04351854884882078 2 400 596
-2.6356967912329985 0.6776459443352356 2.677849470111412 -0.2575536536748392 -0.4168109359960378 5.370383877107445 0.9364465287026967 -0.010351614499182949 0.6552031058930741 0.017279923185128054 2 400 580
2.069673063685207 2.8273278917379123 1.2872335007975164 1.2505043251308683 3.6259215269565006 -1.6875082534037986 1.2188764467441584 -0.02249996571157574 0.20057462916434776 0.015377164337729015 2 400 580
2.042971569339658 1.8839110961558125 2.868532562576454 4.736175803509094 6.508717182456298 -2.3831805272355515 0.9276584879396756 -0.0009534333710764709 0.23516710733621202 0.02391746725539262 2 400 573
0.08691007909167331 3.123117419657314 5.863494186910042 -1.362875808088746 -6.391324790180647 7.643074394289698 1.9509736799115016 -0.04638474007760657 0.20638292483455012 0.0334860957977654 2 400 569
1.512196167507283 3.4501021429080954 4.402242367916344 2.1907661671652177 -4.643848863224793 6.431457670989889 0.7321606011271786 -0.002899548685059136 0.21692807364012257 0.03501492289459296 2 400 568
3.8058989337711813 0.15708297519473113 3.7486898895821295 3.155674111999602 4.074666546281229 -0.4289027455313722 0.9659772995760747 -0.010239782414156889 0.20467316418024706 0.023995267928723252 2 400 601
6.078345204432281 1.7793906643081123 5.988500041026381 8.894677316818811 -0.21847089990842167 1.212736794860183 0.1594554702816599 -0.0005049405137007635 0.2493124264310479 0.00934930242246923 2 400 594
0.7863019118378909 2.856747004379477 2.2383045516548727 4.818361877136264 4.635375962769403 -9.021627761041614 1.8617842541713983 -0.037611747494851036 0.2261487728893274 0.010745308113517038 2 400 577
-0.0013392525747239108 0.03986257203105825 2.943565814448947 0.26172655969138325 4.6012148716860395 8.35153489269399 0.6918734377638613 -0.00431700496215618 0.2 0.02032436854332975 2 400 575
4.303047944608419 2.894024173873971 -0.021449056516698484 7.371044547681045 0.14381788906329995 3.6518598407246277 1.996679253320103 -0.046079616507198606 0.45773272040323465 0.011714970505319888 2 400 571
0.5035060701390389 2.9568322970394574 1.635444229348701 5.713537500414724 -1.4902879719948587 -7.259602097207885 1.9980330776698227 -0.04694889470713853 0.21709923612889853 0.023598282000306448 2 400 587
6.916964904822265 2.801986381903486 1.9588848483893058 2.627238077513436 -5.091890913736563 2.0878654761199966 0.849000664961236 -0.0043482899221661195 0.36753421581023415 0.029121111443303538 2 400 584
4.409819210805075 2.6321968337990738 4.073976313666384 10.39295951572706 3.4771782747017976 -0.01269971581939646 1.863369063304059 -0.04001176557326468 0.20439269822964878 0.00950710665644483 2 400 575
10.22734054992199 0.32133519746051487 2.9487627822033344 2.1905731932695414 -8.30593528180719 2.2757696582326297 0.2630647867922613 -0.003934982249204112 0.20011564065008125 0.01140957772473894 2 400 574
-2.508542108757415 0.18500406507913142 3.4969194515722846 1.0407966443666936 6.8147189717370225 0.7279871143697665 0.9361272163636605 -0.009102118817650232 0.4095465299192135 0.024166503767801384 2 400 578
4.47712465580197 0.500476440552162 10.234915742616577 2.505625444821751 1.4356059998621116 -5.476564523576121 0.6922794062649114 0.0 0.2527013027056225 0.006156024837387263 2 400 605
0.5923966107285599 0.5893678823627369 2.9440275630126695 6.024502536057831 -7.5883988293604645 -0.2125125734537079 0.8869401329904423 -0.0096070158667044 0.20239689368205083 0.01683819212143345 2 400 574
3.9323231898679083 0.8528226512371169 2.728914400298871 5.75267387986522 0.03629041610115036 0.3092232981041012 1.044167998925083 -0.022004628523401848 0.4915144148188215 0.008071086479165554 2 400 585
3.192667108544871 0.18696038312427318 4.260919292049644 4.918352390337388 0.5411702098526069 -5.8751127277586885 1.99789937290651 -0.046467796611867236 0.3736605035218266 0.023847800987565115 2 400 593
4.541983527170478 2.1692747817967097 3.974899784284199 0.4833850663650736 5.304154375264956 -2.864999201711248 1.1963136176985212 -0.015913877013729552 0.3536554749461225 0.005442831506825008 2 400 576
1.6083871980303766 1.6031879500410753 2.6946832207269686 0.36991273217368037 -2.6042093528917727 3.8080806642972913 0.9587597330065072 -0.00773021109394385 0.33674311738615714 0.027126607805200043 2 400 599
-2.560731047442715 0.4569802739004852 4.109461026026672 -4.46151922800656 -6.792408185942527 3.740193360742458 0.17017642597582222 -2.5934425441051474e-05 0.20071696994618324 0.013324953306961596 2 400 555
