0.8245753782287585 -1.7598547319472022 5.966637788580311 5.795126064660382 0.009144313243243052 0 218 400
0.8261973203321635 -3.2285348289136753 5.966637913307027 5.795122980447977 0.00914431523622683 0 171 314
0.19402308870203896 0.5393705312028924 5.966637266823708 5.7951255579139636 0.009143904093390609 0 312 556
0.518397270067376 -2.1557245363292985 4.887813118206129 5.96663760839576 0.008671189548797864 0 174 319
0.506396375521696 0.035560402155624296 4.887812397857937 5.966637913307027 0.00867120422640233 0 149 264
0.6307263105524423 0.21409053490484223 5.966636718258607 5.795127842249292 0.00914412109203011 0 225 395
0.49794236300996675 -0.9558555956023778 4.083140848072752 5.96663780152095 0.008215093592087497 0 220 396
0.826206459200092 -5.0 5.966636827370943 5.795138191997892 0.009144315078043252 0 211 370
0.5184747857510174 -3.860778027484853 4.8878020193852825 5.966637894557287 0.008671189458853479 0 172 320
0.5013391071640185 0.18487513081619328 4.887823873532064 5.966637480217999 0.008671210280062347 0 221 387
0.4170983927897245 0.44018667780588266 5.966637827686303 5.795125065487991 0.009143988252154678 0 193 337
0.5184821272589921 -3.6003061943469947 4.88780721487755 5.966637913307027 0.008671189460534134 0 232 419
0.47779955248989486 -1.1258391352720074 -2.0 3.9219521910509325 0.008152399218731787 0 225 408
0.4981398266873335 -2.951785240909926 4.083130289368378 5.966637913307027 0.008215093652008454 2 400 683
0.36373554821090714 1.0761278660799942 4.887399292185473 5.966637913307027 0.008671345564189692 2 400 663
-0.5200231483349556 0.6346966838972248 5.966637878038462 5.795122683930881 0.009143802918473276 0 250 436
0.4777988802034377 -4.019612090734173 -2.0 5.966637913307027 0.008152393415854053 0 103 197
0.7959962159509826 -0.3660704281268652 5.966637631365751 5.744257488672146 0.009083956755066125 0 164 288
0.7280515389651009 -0.03900121128025805 5.966637607326872 5.795123621627618 0.009144206942292676 0 226 388
0.804009154814082 -0.6466890814512964 5.966637253767197 5.79512545492126 0.009144288565090974 0 204 372
-1.6716605811939997 0.6194988187048582 5.966637829244642 5.744257052660313 0.009082950010855018 0 265 468
0.26544499604584176 1.9999599892421236 4.082743036566107 5.966448105946821 0.008215038375631423 2 400 660
0.517983280996118 -1.355267845701059 4.887809644877108 5.966637478418496 0.008671190051976363 0 157 283
0.49638515678316886 -0.012302391410089708 4.082754744486971 5.9662476216235465 0.00821509261648179 2 400 658
0.7696373791880764 -0.25782274957478946 5.966636943129389 5.795125011428923 0.009144249825162154 0 221 389
